Country Name,Componenta1,Componenta2,Componenta3,Componenta4,Componenta5
Afghanistan,0.004276616697509662,0.23324151242749175,0.011299583525832883,0.7174678757551312,0.03371441159403449
Albania,0.0007513106356240946,0.03157517681251948,0.25631638383097755,0.7104492381258439,0.000907890595034893
Algeria,0.1343799477593933,0.6460808937355765,0.14627471062072872,0.06356405843710011,0.009700389447201408
Angola,0.46379543328624895,0.02944679709990247,0.1548867787466326,0.34272645292371356,0.009144537943502297
Argentina,0.09398370227153584,0.09416919317600257,0.02592382086207342,0.7842112014174617,0.00171208227292655
Armenia,0.2211407358040609,0.5281302228454181,0.17810448797858106,0.06863731557155524,0.003987237800384867
Australia,0.01634879707091675,0.32545874181151296,0.22208964155342065,0.41050441584522507,0.025598403718924564
Austria,0.002005194206642673,0.8780242062762229,0.05960351320105061,0.04164425929479112,0.01872282702129273
Azerbaijan,0.32701051990835295,0.4442788200211337,0.18991914944087093,0.03524948651406206,0.00354202411558039
Bahrain,0.7011643330074038,0.140475339805932,0.08193936593729241,0.0011007114204163886,0.07532024982895553
Bangladesh,0.06995516251298523,0.076117975118426,0.18250337455798415,0.39998623349488943,0.2714372543157152
Belarus,0.1618098161300004,0.5562134754374375,0.04612841492110516,0.010152085506525433,0.2256962080049317
Belgium,0.37025559428826,0.21848470078576002,0.00886373872614281,5.8706699460706155e-05,0.4023372595003766
Belize,0.028958275256890636,0.7793944237036619,0.12587052000682541,0.05233858930325964,0.013438191729362448
Benin,0.4902814746078531,0.002224986433283882,0.46538382763837993,0.001281289909990973,0.04082842141049203
Bolivia,0.21095976525129398,0.1885011291199852,0.3155188340238435,0.030506091480893806,0.2545141801239834
Bosnia and Herzegovina,0.023285317481682073,0.7725007927834767,0.06530998354615883,0.04039166441931051,0.09851224176937194
Botswana,0.004347298803120418,0.3640935167929431,0.00023122974210763387,0.5126350468671484,0.11869290779468043
Brazil,0.25146680518879433,0.09980446154531118,0.1879736855328281,0.013287956016323356,0.4474670917167429
Brunei Darussalam,0.05880986129189285,0.24707297801338526,0.2111698788096993,0.4305120906573156,0.05243519122770689
Bulgaria,0.46592321096769984,0.007759014823760157,0.20541212565301958,0.24312392033526922,0.07778172822025127
Burkina Faso,0.20465790090057942,0.26563262412243893,0.30610652866602495,0.21007925322350196,0.01352369308745482
Burundi,0.1120713102689526,0.33547581010927985,0.46363590686923667,0.08402546527522815,0.004791507477302779
Cabo Verde,0.04072145428360186,0.02504201500884141,0.000279744181120248,0.9126156525677461,0.021341133958690413
Cambodia,0.278832873930193,0.2838997348326336,0.026569365576291942,0.2206341160464327,0.19006390961444877
Cameroon,0.8032248608060566,0.00012961982687415157,0.055656040753600956,0.00209197649666388,0.13889750211680443
Canada,0.08995178281711855,0.18980785988226015,0.4003540708970444,0.2621360501221338,0.057750236281443074
Central African Republic,0.438929854582974,0.09655340739640843,0.29974152564289447,0.1647611812110328,1.4031166690340184e-05
Chad,0.15024897990939537,0.3188747532734518,0.3673841032728908,0.06541879199947992,0.09807337154478223
Chile,6.98951177419865e-05,0.13403602940995996,0.45256555024594947,0.4046197324767497,0.008708792749598859
China,0.029176380585670066,0.18167960767903274,0.16510638812924272,0.4662176490445045,0.15781997456154997
Colombia,0.024463346487383988,0.016022377552145244,0.37448088292744713,0.08358202145391146,0.5014513715791121
"Congo, Dem. Rep.",0.5451007869386035,0.022582111579888445,0.3050194541872778,0.126302797455078,0.000994849839152127
"Congo, Rep.",0.17224770487560806,0.01539345866790657,0.021877347198650775,0.7461024624320853,0.044379026825749256
Costa Rica,0.192565937261543,0.5558132520652194,0.03251134821791984,0.11989576309999946,0.09921369935531835
Cote d'Ivoire,0.20876197727998486,0.3689310201572774,0.13129684641218128,0.24547223149884675,0.04553792465170972
Croatia,0.14326672228554518,0.2511227879838716,0.4782446549365816,0.07884076796322634,0.04852506683077538
Cyprus,0.005752518895273723,0.15670945776457879,0.15935793985830615,0.6775375931721128,0.0006424903097285561
Czech Republic,0.2912984644403043,0.3226660687726266,0.0014881025033373525,0.011346655906388855,0.37320070837734276
Denmark,0.044791377017136834,0.04059544606155152,0.05887808259522626,0.7790388854138518,0.07669620891223365
Dominican Republic,0.17253240694684566,0.18791999536140366,0.05355267031843552,0.32668659408604905,0.2593083332872661
Ecuador,0.04291671425747443,0.03143774049780122,0.4432687060412144,0.013719470723224754,0.46865736848028516
"Egypt, Arab Rep.",0.004753782240099378,0.2706945891692782,0.014700252804929608,0.704130022278815,0.005721353506877815
El Salvador,0.10803495062573797,0.14910753172364458,0.037514488062896686,0.7049206235936699,0.0004224059940508672
Equatorial Guinea,0.17310822934893902,0.46802149130221193,8.462737077433731e-05,0.2770674098066353,0.0817182421714395
Estonia,0.14667501111769118,0.4912048850505935,0.12669416525429328,0.19110642558619292,0.04431951299122906
Eswatini,0.07246088112064272,0.009001710467809006,0.02768660951199335,0.17676666873055144,0.7140841301690034
Ethiopia,0.49993585029433874,0.14515052152941577,0.24709389142980315,0.1078007893372299,1.8947409212416106e-05
Fiji,0.011339531898372933,0.6553006696243803,0.2097910109463682,0.038377755216523646,0.08519103231435499
Finland,0.07896272199449354,0.520866222953073,0.1656979048511232,0.03528057039422564,0.19919257980708457
France,0.006450771824057514,0.03264264516920873,0.45042517779190644,0.28821709445030685,0.22226431076452044
Gabon,0.0904117148924927,0.479527045142361,0.0800976597579499,0.1618565331962928,0.1881070470109037
"Gambia, The",0.45894487230298275,0.03799723721332739,0.4040401574104473,0.09779136068003329,0.001226372393209273
Georgia,0.11174004632758257,0.43095847499790985,0.4472412309484751,0.0007295308655881363,0.009330716860444293
Germany,0.12564672383477896,0.35858835274697265,0.11727136807139601,0.3908330202333227,0.0076605351135296896
Ghana,0.44395799761856264,0.10875408456262455,0.02062698202115599,0.4046612070316472,0.021999728766009717
Greece,0.04048144246550625,0.23144160510604722,0.573215488357194,0.0011374798795127832,0.15372398419173963
Guatemala,0.201790952768573,0.09282541507867703,0.009937120378743156,0.6464057803987083,0.04904073137529847
Guinea,0.3637669327043765,0.09268339013495945,0.4205996118389891,0.048009810486344714,0.07494025483533016
Guinea-Bissau,0.4527050379586019,0.03771507325862825,0.12227088971266763,0.31871127557994067,0.06859772349016162
Guyana,8.443224420706488e-05,0.6803632928344013,0.047316636467742416,0.2656004241430321,0.006635214310617026
Haiti,0.2656571437250659,0.033135134956828974,0.5324748095945909,0.14843640700494834,0.02029650471856576
Honduras,0.005216557534728232,0.7371717481866319,0.10042635080409744,0.15588055340522425,0.0013047900693182062
Hungary,0.3393251039706397,0.169694763444039,0.0005443395155654561,0.000547974937269584,0.4898878181324862
India,0.010499601305486606,0.3669490619125979,0.06376237654486375,0.11485925126235526,0.44392970897469647
Indonesia,0.2507270474515491,0.17235112924309337,0.08252154958490866,0.17754257748555063,0.3168576962348983
"Iran, Islamic Rep.",0.010714916047455007,0.5089110252357392,0.11475185277058182,0.363648441219393,0.001973764726831059
Iraq,0.17161057252911266,0.6724602353873994,0.12720548826939498,0.020468395224090916,0.008255308590002028
Ireland,0.0014900873933959135,0.011744640696934363,0.00034620755928437794,0.770167077859258,0.21625198649112737
Israel,0.14833397475799373,0.6557723799879601,0.0910143781782821,0.020833758495619244,0.08404550858014498
Italy,0.006212743930435958,0.04244239324139842,0.19456913267072348,0.6419683636506656,0.11480736650677661
Jamaica,0.017695728527769468,0.321752245029073,0.18372345870613538,0.0007458188018894086,0.47608274893513275
Japan,0.14373746397636777,0.29863143181928403,0.05023858363839405,0.014008293006455851,0.49338422755949823
Jordan,0.24085578806484623,0.6118893166515836,0.12549327332155702,0.020120199725649986,0.0016414222363630817
Kazakhstan,0.0018737553026014753,0.1551478282169344,0.019866495604747486,0.7020881838151579,0.12102373706055877
Kenya,0.23820709869751588,0.3908043533378316,0.07396029749551138,0.2961945884191689,0.0008336620499722124
"Korea, Rep.",0.059006105607630185,0.19781942639930156,0.10712188734199096,0.19878777356129204,0.4372648070897854
Kuwait,0.3173112547465325,0.5190354274822266,0.09438373711347588,0.06853512903761382,0.0007344516201509947
Kyrgyz Republic,0.18301808177313666,0.06998340962292583,0.041008372507071095,0.3199695765951555,0.3860205595017109
Latvia,0.12524918396212392,0.4961446609910794,0.1715492081203755,0.18459341565884835,0.022463531267572823
Lebanon,0.28752213681534217,0.5054296362157419,0.05367301478892338,0.030670482026838045,0.12270473015315454
Lesotho,0.045404406850076205,0.016092275237572066,0.2348595983616383,0.03961317001972123,0.6640305495309922
Liberia,0.43669373692561214,0.08470151685893078,0.11115682724248997,0.3039371448021413,0.06351077417082594
Lithuania,0.3710732433718518,0.19927261651062167,0.05133464423126964,0.061673686546257545,0.3166458093399993
Luxembourg,0.013350601218161224,0.39815263345834817,0.023051323437736332,0.5455730216054608,0.019872420280293384
Madagascar,0.4196573119115014,0.041675014273880304,0.47056449358363894,0.0011815461808847153,0.06692163405009462
Malawi,0.38537229593126887,0.08937651986258144,0.4863829178979147,0.031623391747362985,0.007244874560872154
Malaysia,0.08831558520885922,0.7468044368627605,0.027015848292468392,0.048342773601243706,0.08952135603466817
Mali,0.0716955002367842,0.6475681338088137,0.14273536802516631,0.07716179895772483,0.060839198971510966
Malta,0.27651096892126165,0.0014147957672168009,0.24219425949309867,0.46668079545334995,0.01319918036507292
Mauritania,0.015288768205742284,0.35793615576007387,0.2594918387983291,0.007347846575901896,0.3599353906599528
Mauritius,0.012085591302076905,0.05248560001267035,0.05812199142743935,0.8761346094614908,0.0011722077963225244
Mexico,0.0005606448789881578,0.47912999476126006,0.04184729826606108,0.3886561639161216,0.08980589817756898
Moldova,0.010835066374265984,0.01797920499519719,0.00015586373425921483,0.7175965536914807,0.2534333112047969
Mongolia,0.11736928744943095,0.023277974157668267,0.0012949431098056908,0.28980257435704126,0.5682552209260539
Montenegro,0.040474580902655516,0.5822796637101698,0.2191747240535944,0.0149630907624913,0.1431079405710889
Morocco,0.2981663931008938,0.4615817067352398,0.21260782972280207,0.0008761091002510296,0.026767961340813405
Mozambique,0.22898767897166303,0.026404103085096046,0.34446294795634086,0.33457320371024046,0.06557206627665964
Myanmar,0.4151201896872603,0.00023333632551667243,0.0170482841911215,0.4705229087282807,0.09707528106782098
Namibia,0.11405253409354878,0.13618913209978195,0.06672233309359323,0.2151582732140061,0.46787772749906986
Nepal,0.3076859182114019,0.053308160792615626,0.0513760562832735,0.12805987076698241,0.45956999394572645
Netherlands,0.5088333947502495,0.07249822613940747,0.016486212855652778,0.0083841222240714,0.39379804403061885
New Zealand,0.1662361052907578,0.013106118552233384,0.3394083477941453,0.2676832983204592,0.21356613004240427
Nicaragua,0.02782702184692856,0.37595473775800686,0.010940340388764696,0.07090245478384216,0.5143754452224578
Niger,0.17701704230443843,0.5446172205761057,0.22991441927454978,0.031127046043415634,0.017324271801490206
Nigeria,0.5281897291764649,0.037764745969368865,0.298817702742129,0.1300111669059046,0.005216655206132715
North Macedonia,0.2303362356896171,0.43005587912432325,0.011938940297968765,0.012316942589599872,0.315352002298491
Norway,0.030300771889660755,0.010517740754186952,0.6275597321757572,0.18662175722687432,0.14499999795352078
Oman,0.23909939142433997,0.43134300068625575,0.11927008318682707,0.2101640570917865,0.00012346761079073577
Pakistan,0.0064437241073357285,0.9314852644220543,0.0016544414957067241,0.015332022360229588,0.0450845476146737
Panama,0.2288223825990263,0.5778267126522433,0.020338366405239304,0.11290894919475886,0.060103589148732164
Papua New Guinea,0.3133335107434645,0.543550812279691,0.0190744636892084,0.09007413929792761,0.033967073989708566
Paraguay,0.11400886786408754,0.34447851514908245,0.23027002709311253,0.2713756099777328,0.03986697991598473
Peru,0.2186997009258799,0.28221905058068864,0.18867241313520622,0.01643057323114356,0.29397826212708184
Philippines,0.0017524388293634133,0.004776303249611225,0.002565924040220758,0.9671633039646031,0.023742029916201456
Poland,0.4930965249701708,0.10743134881509897,0.20377281497265134,0.0005340988108455616,0.1951652124312333
Portugal,0.10120781322360925,0.14704386904561417,0.6816852712077286,0.05168432131465573,0.018378725208392243
Romania,0.22877657738223134,0.028085169176505678,0.5780587943274649,0.12449481850989715,0.04058464060390105
Russian Federation,0.0027521973287947797,0.06435776224775988,0.41469867974609637,0.206730074757692,0.31146128591965694
Rwanda,0.16702929333252822,0.22591923059539118,0.5939138208047953,0.010458094287720241,0.0026795609795651
Saudi Arabia,0.16134956756881233,0.5486897283114883,0.13602198706165314,0.14300543442921648,0.0109332826288297
Senegal,0.736871156682056,0.05176997847397466,0.07063433437567124,0.0971972657903299,0.043527264677968136
Serbia,0.4874497554023602,0.05021551362555815,0.25667013501598474,0.023448875064794854,0.18221572089130217
Seychelles,0.03483712083431853,0.8018083726908529,0.043876986241299494,0.11899601359294756,0.00048150664058154634
Sierra Leone,0.423919867861691,0.0005492133588067347,0.4891506316675281,0.05500353754766351,0.031376749564310684
Singapore,0.5709206207438652,0.02531091178857771,0.3136102095419704,0.00039572279697710133,0.08976253512860963
Slovak Republic,0.3257524837413229,0.27459641222731007,0.0049528746828571635,0.07068112967784616,0.32401709967066367
Slovenia,0.15981207798316915,0.574156264673521,0.0063113612946432696,0.083978997830927,0.17574129821773946
South Africa,0.09128875556348894,0.10739748332736407,0.01109156191079899,0.6721553806333982,0.11806681856494988
Spain,0.06252376294219339,0.16221729205726126,0.28690286795689895,0.3886153617063134,0.09974071533733289
Sri Lanka,0.00016565391510771861,0.03694687850073048,0.1839875908735733,0.1672275630810307,0.6116723136295579
Sudan,0.18787204876332697,0.4215741165987397,0.2515495186230552,0.007071524150224917,0.13193279186465323
Sweden,0.07124921204882895,0.6390189851786999,0.14740916792709044,0.011205808597905082,0.1311168262474757
Switzerland,0.06128582708713268,0.4886394168960827,0.009604506100626197,0.3228188429559015,0.11765140696025699
Tajikistan,0.006126739257941773,0.12699482995380887,0.012111100627521078,0.7357481613475713,0.11901916881315716
Tanzania,0.6991971560365868,0.000986560297180244,0.18159617422645102,0.052990316396029045,0.06522979304375293
Thailand,0.17557751008642797,0.592529944841659,0.11056781704243863,0.008241133679304563,0.11308359435016987
Timor-Leste,0.2372114369749817,0.282556641378971,0.11309318744231664,0.00031608047626039467,0.3668226537274703
Togo,0.06578758086130485,0.6293661564632117,0.08218304620341128,0.21733254689604312,0.005330669576028985
Trinidad and Tobago,0.02231306819443911,0.6014065734176229,0.03719056736764336,0.25625244154636645,0.08283734947392815
Tunisia,0.4139602952997537,0.2020204560781038,0.06843888687431092,0.03129666733068136,0.28428369441715023
Turkey,0.085058480538161,0.267825486171556,0.530250052099627,0.0008816592765222508,0.1159843219141339
Uganda,0.25132190257552084,0.4115071975295655,0.33508265597798736,0.0001369417931836645,0.0019513021237426557
Ukraine,0.3489680196299602,0.3641704292276117,0.24037518329090668,0.03228075388171594,0.01420561396980551
United Kingdom,0.029829255495884152,0.4131845043838222,0.07070678092499413,0.4463764622946301,0.03990299690066947
United States,0.006521076295947717,0.31319425408110746,0.3285326003533793,0.005704097866383261,0.3460479714031822
Uruguay,0.014580228051646963,0.4624566141377093,0.14043984240215854,0.34707595884974524,0.0354473565587399
Zambia,0.42070256227958286,0.13064346575019375,0.16382078922729734,0.2827378540268025,0.0020953287161235797
Zimbabwe,0.6295424966577532,0.02472263663836922,0.303671700166575,0.04170568737893545,0.0003574791583669986
